u = [0.55, 0.45, 0.25, 0.15];
fi = [0.71, 0.305, -0.33, -0.49];
n = [2450, 2125, 1425, 960];

% n od fi
%        p1 =        1181  (-6567, 8928)
%        p2 =       -1053  (-3496, 1389)
%        p3 =       990.5  (-1415, 3396)
%        p4 =        1860  (fixed at bound)

pn1 = 1181;
pn2 = -1053;
pn3 = 990.5;
pn4 = 1860;

% u od fi
%        p1 =      0.1721  (-1.449, 1.793)
%        p2 =     -0.1742  (-0.6853, 0.3369)
%        p3 =      0.3003  (-0.203, 0.8036)
%        p4 =       0.364  (fixed at bound)

pu1 = 0.1721;
pu2 = -0.1742;
pu3 = 0.3003;
pu4 = 0.364;